id,name
1,Koren Bugge
2,Dexter Van de Castele
3,Clayborn Tonry
4,Ulrikaumeko Jeaneau
5,Ivy Algore
6,Tim Reijmers
7,Susanna Wartonby
8,Andriette Babalola
9,Larina Asche
10,Clemmie Chinnock
11,Annetta Pencott
12,Phillipe Brame
13,Andee Mikalski
14,Janine Greir
15,Riley Lared
16,Ezechiel Edington
17,Florella Barsby
18,Gradeigh Yerrington
19,Orelee Sedgefield
20,Linnea Kirstein
21,Bobbie Kinane
22,Idaline MacCorley
23,Mile Blunderfield
24,Lissi Knottley
25,Ado Spurdens
26,Hedy Tomlin
27,Walker Drinan
28,Letti Cadwaladr
29,Elora Abilowitz
30,Laurie McIlvaney
31,Viva Sollis
32,Rochette Fotitt
33,Clea Dudbridge
34,Neel Minchindon
35,Jaquenetta Nern
36,Lenka Thorogood
37,Mora Goode
38,Kyle Erratt
39,Everard Purrier
40,Chas Willoughby
41,Andrej Forrestall
42,Jarret Toppes
43,Bernardo McIlharga
44,Huberto Athersmith
45,Rik Taree
46,Patin Foddy
47,Farica Baldelli
48,Kennedy Leacock
49,Donny Tuckey
50,Lianna Nickols
51,Nanci Kenneford
52,Ruby Gartenfeld
53,Jody Tetla
54,Hoyt Fossett
55,Cristionna Lascell
56,Blythe Yule
57,Pooh Faithorn
58,Perren Millier
59,Alex Gibbons
60,Marilyn Boeck
61,Layney Cleatherow
62,Kimberley Hensmans
63,Skylar Skittreal
64,Roshelle Russe
65,Kenny Shanks
66,Lavinie Lavender
67,Freida Ceillier
68,Clarette Tarte
69,Shay Whitlam
70,Wolf Wolffers
71,Findley Cheek
72,Faber Kinge
73,Kearney Aldington
74,Dosi Olivas
75,Raff Jerok
76,Craggie Ebunoluwa
77,Holden Brockwell
78,Hyacinthe Jerrans
79,Kelsi Doughtery
80,Helaina Bostick
81,Janey MacGowan
82,Wake Stoffels
83,Cyb Beatens
84,Freda Leaver
85,Inglebert Cheesworth
86,Glenn Matyushenko
87,Glynnis Joyes
88,Worthington Stuttard
89,Osmund Eastam
90,Caressa Rudham
91,Auria Scedall
92,Lorrayne Prium
93,Prissie Spurriar
94,Jacques Emblow
95,Justino Dimitrescu
96,Marlyn McElvogue
97,Tanhya Villa
98,Elisabetta Brimblecomb
99,Sigmund Cushion
100,Joyan Geockle
101,Amos Craythorn
102,Xylia Fowlestone
103,Blane Leggen
104,Maressa Friend
105,Suzanna Dusey
106,Cedric Rein
107,Hugo Edlington
108,Mort Yon
109,Lenette Philbin
110,Serge Tayspell
111,Brenden Threadgill
112,Netti Tixall
113,Basil Colenutt
114,Akim Merrell
115,Stefa Kendle
116,Darren Bleasdille
117,Remington Paolucci
118,Miller Gatheral
119,Sallee Ewing
120,Diarmid Wiffill
121,Mikkel Moxted
122,Keary Goering
123,Rodolphe Rozanski
124,Stevana Guy
125,Shelton Simonitto
126,Zeb Lansly
127,Shellysheldon Letford
128,Gay Ventom
129,Guenna Carthew
130,Carole Cranna
131,Rosalyn Grealey
132,Trefor Gilkes
133,Luther Di Angelo
134,Levi Peartree
135,Elna Scoyles
136,Prentiss Blampey
137,Aldrich Praill
138,Elsbeth Piner
139,Lauree Landon
140,Corine Arnaldo
141,Zondra Ruler
142,Oswell Ubsdall
143,Joby Bracchi
144,Mirella Gotthard.sf
145,Amabelle Beach
146,Trixi Twitching
147,Asa Tenman
148,Patricio Crunden
149,Eduino Bradborne
150,Ediva Nunan
151,Peggie Pley
152,Cece Willson
153,Orelia Trudgian
154,Codi Dugall
155,Latia Pattini
156,Rickert Ackhurst
157,Westbrook Brunskill
158,Bridgette Tighe
159,Gerti Rubie
160,Nataline Rogans
161,Zane De la Eglise
162,Ema Yirrell
163,Wait Balasini
164,Ransom Skule
165,Collie de Castelain
166,Randee Nicol
167,Angelo Rumble
168,Eward Wilbor
169,Fiann Kohler
170,Ikey Trow
171,Emmanuel Gerleit
172,Bobina Le-Good
173,Gaspar Dorie
174,Stephine Williment
175,Keri Wearden
176,Westley Couzens
177,Emmerich Sandal
178,Stephanie Shekle
179,Aluin McClymond
180,Simonne Kinnock
181,Peyter Abramow
182,Chrystel Gooden
183,Bartolemo Charpin
184,Robena Sindall
185,Kata Pietz
186,Jacenta Ronald
187,Roda Matussow
188,Michaelina Jozwik
189,Aline Knoton
190,Alie Kain
191,Eldon Delgua
192,Taber Padell
193,Benedick Board
194,Daniele Tadd
195,Loleta Cullingford
196,Marlena Scotchmoor
197,Garald Norval
198,Glynn O'Cuddie
199,Matilda Drain
200,Kienan Dowrey
201,Fielding Beirne
202,Selia Klimushev
203,Auberta Harse
204,Marney Geffinger
205,Celestyna Prangnell
206,Bevon Brogden
207,Hayward Lethbridge
208,Aaron Strooband
209,Elicia Winscum
210,Dorry Boothe
211,Nikolaus Suttell
212,Maitilde Jacobson
213,Tann Ruck
214,Bald Roos
215,Rutter Gannicott
216,Candra Letertre
217,Adrea Halliberton
218,Verney Berrecloth
219,Juliet Osboldstone
220,Harland Ferraron
221,Kiri Malcolmson
222,Warner Hatry
223,Ransom Jeffcoat
224,Niles Brunn
225,Kristina Ouldcott
226,Randie De la Eglise
227,Anitra Kitcher
228,Timmy Basil
229,Rodger Witchell
230,Alistair Ericssen
231,Clementine Boggas
232,Olive Tomkies
233,Ashlee Reddie
234,Oliviero Bramsen
235,Bibbie Di Napoli
236,Dino La Grange
237,Merrick Brokenshaw
238,Edna Weson
239,Marthena Gimber
240,Fifi Guerner
241,Krissie Belfrage
242,Cristy Hans
243,Georgette McCrackem
244,Leroi Sleicht
245,La verne Lease
246,Lemmie Bamb
247,Conroy Gianinotti
248,Creighton Poundsford
249,Brander Huetson
250,Kirsti Lafflina
251,Herb Kingzeth
252,Rolph Grocutt
253,Ben Blockwell
254,Mahmoud Hofton
255,Jackson Bagguley
256,Redd Hollow
257,Cordy Duferie
258,Damien Mahaffey
259,Adriano Immins
260,Jeremias Presho
261,Bailey Heindl
262,Angil Barca
263,Tripp Haggarth
264,Ingaberg Brazelton
265,Ediva Gertz
266,Alyosha Springtorp
267,Courtenay Gallaher
268,Cassie Duffyn
269,Carmen Leavy
270,Chick Spellman
271,Sibelle Robart
272,Davin Menault
273,Arnold Hanshaw
274,Woodrow Scudamore
275,Lenka Tomaini
276,Octavia Poag
277,Mirabella De Lorenzo
278,Ruttger Gladman
279,Marylinda Emps
280,Farr Sommerland
281,Adrianna Heeran
282,Johannes Fossitt
283,Veriee Kigelman
284,Dacia Dmtrovic
285,Blancha Iacobo
286,Fianna Stoddart
287,Jammal Amesbury
288,Walliw Hempshall
289,Teodorico Graves
290,Jessamine Vispo
291,Giustino Haddrill
292,Lyssa Dainton
293,Tibold Snelle
294,Faustina Shreeves
295,Edin Brehat
296,Jonathan Prinn
297,Nissa Leidecker
298,Rowe Bridywater
299,Inessa Gillebride
300,Arabella Jandac
301,Desiree Rosenshine
302,Garold McGerr
303,Brittan Sallowaye
304,Ranna Ward
305,Nina Rizzone
306,Leonerd Bovingdon
307,Alexis Cubbinelli
308,Garfield Soltan
309,Brien Majury
310,Kevyn Cudbird
311,Misty Krzysztof
312,Joanne Dreier
313,Betsey Foro
314,Bette-ann Braithwaite
315,Nedi Gegg
316,Millie Rhodes
317,Oralie Gatman
318,Blondy Ferne
319,Linnet Caughte
320,Jacob Creasy
321,Amble Davidai
322,Star Bartalucci
323,Jory Gobell
324,Harrison Amiranda
325,Traver Barbisch
326,Kristy Mainds
327,Addia Dundridge
328,Eleanor Gosart
329,Kiersten Hutcheon
330,Vincents Keiley
331,Elmer Okroy
332,Margery Pendrick
333,Adi Pullman
334,Layton Baude
335,Svend Newlands
336,Jennilee Decent
337,Nico Pittem
338,Ancell Newnham
339,Quintin Duplock
340,Crissy Lamperti
341,Nicki Farres
342,Sada Crohan
343,Katlin Beston
344,Eleen Syddall
345,Aldis Yeandel
346,Reagan Lawton
347,Filip Ziemen
348,Eleonora Brizell
349,Mead Kimmins
350,Dov Sauvan
351,Blinnie Plumridge
352,Granger Coot
353,Chloette Boorman
354,Les McDowell
355,Steffi Middle
356,Casie Solomon
357,Mylo Gerred
358,Cary Carbery
359,Amara Dust
360,Bibby Clear
361,Celene Alwell
362,Phip Knutton
363,Zackariah Castiglioni
364,Alexandr Grigoliis
365,Mac Durning
366,Barbee Basilotta
367,Sonja Favill
368,Casie Antrag
369,Rina Gracey
370,Lion Hackleton
371,Aile Thurgood
372,Basil Tratton
373,Idaline Prebble
374,Albertina Digle
375,Stephana Mannagh
376,Ade Quincey
377,Merlina Grime
378,Kennedy Shapland
379,Francyne Rosenfelt
380,Sadie Slaght
381,Kirbie Chmiel
382,Mickie Blackboro
383,Patrick Causey
384,Glenn Aggs
385,Anica Galletley
386,Juliann Cheshir
387,Hamish Spreull
388,Caterina Dmitrievski
389,Ker Wallenger
390,Venus Height
391,Reynolds Conti
392,Regan Lattey
393,Hanni Vashchenko
394,Maurise Chartre
395,Mitzi Tassaker
396,Dniren Cardus
397,Winna Bunford
398,Kenton Gourdon
399,Allys Iddins
400,Alphard O'Regan
401,Karel Larmour
402,Jareb Calbert
403,Retha Solano
404,Adella Morforth
405,Noe Portwain
406,Gunar Mounfield
407,Duky Jaggs
408,Emalee Gingle
409,Filmore Gon
410,Yevette Pearsey
411,Cordie Babb
412,Maddi Chomicz
413,Hilly Ingrem
414,Hermie Dooley
415,Benton Woollons
416,Otes Taylder
417,Evania Jannings
418,Wolfie Libby
419,Warde Wingfield
420,James Megarry
421,Christina Ropkins
422,Dennie Doring
423,Callean Ybarra
424,Philis Kirgan
425,Umberto Macartney
426,Corry Paule
427,Nessie Cavilla
428,York Andreotti
429,Byram Elcoux
430,Reine Aronstein
431,Courtnay Bracher
432,Ulberto Mitchiner
433,Cally Freeburn
434,Carlota Lionel
435,Joly Brough
436,Desmund Arnowitz
437,Anette Garza
438,Renae Boyse
439,Maudie Whitley
440,Grannie Adlem
441,Noll Curson
442,Alyce Claxson
443,Elita Latehouse
444,Niven Hauch
445,Lorilee Averay
446,Juli Crowche
447,Xever Pre
448,Stacey Spottiswood
449,Lavinie Lifsey
450,Burty Dahlen
451,Debera Musto
452,Rollins Lyon
453,Marcie Trotton
454,Hussein Maddra
455,Jacquelin Larkcum
456,Charley Gariff
457,Niccolo Sidwick
458,Windy Rudledge
459,Astra Dalman
460,Orella Duns
461,Talbert Sawter
462,Adan Aberdein
463,Myrta Marl
464,Reece Luetkemeyers
465,Glennis Vella
466,Dukie Dennick
467,Emmaline Marquese
468,Ivar Pocklington
469,Dagny Ketch
470,Norrie Ghidini
471,Sandra Punyer
472,Gilberto Catmull
473,Josefa Fairfoot
474,Roana Farryann
475,Levi Brenneke
476,Millie Shearn
477,Rafi Ganiford
478,Stearn Zecchinelli
479,Ardra Vance
480,Rayshell Nicely
481,Felicia Adnam
482,Morry Euston
483,Lorette Baile
484,Marylinda Voak
485,Lenette Brine
486,Law Dufaur
487,Tris Beardsall
488,Portie Mammatt
489,Ag Bussons
490,Mandi Uttridge
491,Abra Magill
492,Ameline Streeter
493,Clywd Crookshanks
494,Cal Amorine
495,Waldo Shermar
496,Rebeca Simonson
497,Leland Habbema
498,Milena Tilston
499,Joelie Cooley
500,Kathryne McGinty
501,Barron Bemwell
502,Viviana Wooffitt
503,Wendeline Hayman
504,Hale Hymers
505,Bran Brevitt
506,Ashien Sisey
507,Isa Alexandre
508,Dorice Pieroni
509,Annmaria Antonomolii
510,Nadine Kineton
511,Berenice Akam
512,Kacey Tod
513,Randall Nelles
514,Cesar Valerius
515,Tommy Leynton
516,Pru Rawcliffe
517,Baillie Mc Coughan
518,Dewey Livesay
519,Dedie Tewkesbury
520,Dorie Keningham
521,Ingamar Tomczykowski
522,Kirbee Gay
523,Baron Wellen
524,Shellie Limprecht
525,Legra Thormann
526,Timmi Rizzetti
527,Hy Roscoe
528,Drud Matchett
529,Lorry Loch
530,Breanne Barca
531,Quent Novak
532,Heddi Minget
533,Killian Brunelli
534,Candice Broadnicke
535,Ozzy Eversley
536,Roxanne Comford
537,Mella Jiruch
538,Lira Meneur
539,Simonette Hassent
540,Danice Laurence
541,Glyn Roe
542,Taber Southcomb
543,Lorilyn Goodfellow
544,Vanni Hansell
545,Federico Melby
546,Gerek Hansen
547,Hieronymus Narup
548,Rhodia Filip
549,Glenn Tume
550,Boote Seckington
551,Meade Bassford
552,Ximenez Baleine
553,Demetria Itzcovich
554,Toby Beathem
555,Layton Ashleigh
556,Dianna Cowser
557,Katherine Boggon
558,Stefania Bernasek
559,Dannel Sayre
560,Brander Daulton
561,Magda Bowlands
562,Maxie Wint
563,Linc Slott
564,Carmelle Belle
565,Josias Harbison
566,Killie McCullagh
567,Sarah Giottini
568,Delila Drees
569,Brook Hourston
570,Ilka Vicioso
571,Reagan Goodhew
572,Burg Matashkin
573,Timmi Soloway
574,Marita Pinor
575,Consalve Allflatt
576,Erika Yoseloff
577,Milt Dunford
578,Naoma Corradino
579,Ham Longina
580,Victoria Pinches
581,Lennie Ivens
582,Lilith McLaughlan
583,Sosanna Sedgeworth
584,Monty Konig
585,Anastasie Feirn
586,Veradis Minelli
587,Marja Kochl
588,Mallorie Gianelli
589,Mata Jaqueminet
590,Blake Iacomini
591,West Allden
592,Gwenora Clyma
593,Selby Pile
594,Bendick O'Regan
595,Candy Euler
596,Alexis Colbert
597,Madelene Foulkes
598,Rivalee Gaymer
599,Esme Swallwell
600,Nanny Blanchette
601,Iolande Galea
602,Sydelle Penswick
603,Inessa Twinbourne
604,Agosto Covet
605,Anita Scoggins
606,Marissa Anfusso
607,Herbie Torbeck
608,Evered Karpenko
609,Pammy Danilevich
610,Alexandra Lippard
611,Selle Edie
612,Yvon Cyseley
613,L;urette Geach
614,Jade Bonnefin
615,Lind Sawbridge
616,Rosy Harnott
617,Dollie Tammadge
618,Zeke Pettis
619,Mercy Jelly
620,Dave Martino
621,Grete Tilmouth
622,Ruthy Pallister
623,Shannan Geake
624,Lavinie Othen
625,Alfredo Searl
626,Anabel Kynder
627,Eustacia Walesa
628,Hildegaard Notti
629,Abeu Carleman
630,Hedvige Oleksinski
631,Boigie Hardage
632,Eadmund Menpes
633,Yorgo Imison
634,Melisa Hennington
635,Maurits Gwinn
636,Vanya Burnell
637,Kirstyn Djekic
638,Krissie Kenningham
639,Coriss Kordt
640,Meade Casetti
641,Shayne Dallaghan
642,Debbi Lober
643,Imojean Coulling
644,Adaline Talboy
645,Faina Ziehm
646,Bobbette Deakin
647,Marcellus Clew
648,Ara Gifkins
649,Jeremiah Chamberlayne
650,Conan Atkyns
651,Elfrida Templeman
652,Veronika Symson
653,Griz Haywood
654,Rey Choudhury
655,Cori O'Donovan
656,Siffre Ramsay
657,Germana Denerley
658,Nikkie Clapshaw
659,Mada Foulsham
660,Sascha Dewdney
661,Kristine Mangeon
662,Link Ivasyushkin
663,Allie Gillott
664,Olva Lavis
665,Marjie MacLeese
666,Maryellen Walworche
667,Kev Search
668,Clarabelle Stairmond
669,Simone End
670,Theo Foxwell
671,Ruben Bush
672,Maximilian Joye
673,Robert Rollinshaw
674,Vinny Baudouin
675,Cecily Scading
676,Urson Pittham
677,Lorelle Syphus
678,Cherri Gullberg
679,Micaela Rate
680,Winnah Tadman
681,Cristy Mcall
682,Kim Bracher
683,Athene Wloch
684,Carl Altoft
685,Brunhilde Dupree
686,Blondell Leney
687,Lea Iannuzzi
688,Dorothee Antognelli
689,Lewiss Milmore
690,Nobe Franzen
691,Martita Tremblot
692,Marylynne Quinevan
693,Meggy Blackman
694,Oralla Joinson
695,Jilly Roumier
696,Bamby Gallico
697,Caz Scougall
698,Rafaellle Whiff
699,Brynne Mabbe
700,Corrie Cardall
701,Carma Guile
702,Oby Cleugh
703,Manon O'Hannay
704,Madelene Colbeck
705,Nan Ruddell
706,Charlene Goymer
707,Rriocard Minichi
708,Syman Tellenbrook
709,Amalea Pulsford
710,Moises Leifer
711,Astrid Graveson
712,Gail Wloch
713,Gregoor Pieters
714,Giralda Mays
715,Danika McKeady
716,Massimiliano Toulson
717,Claudianus Meas
718,Skylar Pocknoll
719,Nataline Rankmore
720,Mar Moules
721,Harry Skippings
722,Clim ducarme
723,Francine MacGow
724,Elisha Corradino
725,Anetta Tierney
726,Latashia Simkins
727,Felicle Duchateau
728,Moises Clatworthy
729,Kaia Curzey
730,Kirbee McKinstry
731,Camella Sargeaunt
732,Benji Duval
733,Nickolai Grigorini
734,Giana Bullion
735,Roselin Aylwin
736,Cornela Marryatt
737,Carmel Limon
738,Adler Tregensoe
739,Maurise Murrells
740,Gradey Adds
741,Gloriane Dusey
742,Amos Goodbarne
743,Dodi Robez
744,Bradley O'Haire
745,Neddie Stair
746,Katti Digweed
747,Maribeth Vian
748,Lavena Liversedge
749,Araldo Points
750,Vicki Gracewood
751,Sari Bousler
752,Nichols Murison
753,Nat Bairstow
754,Rivy Thews
755,Aggi Togher
756,Angela Loudwell
757,Angelina Willes
758,Lexine Tytherton
759,Thorpe Skehens
760,Matti Puckring
761,Leandra Corkitt
762,Sheilah Clardge
763,Lolly Meeks
764,Lukas Troucher
765,Brady Ambroisin
766,Lyssa Mylechreest
767,Timofei Scocroft
768,Farly Pursglove
769,Tricia Guillart
770,Ondrea McCreery
771,Cassi Cluer
772,Sherwin Sizzey
773,Estrella Wheble
774,Karim Jopling
775,Remington Need
776,Stevy Gillow
777,Simeon Sizzey
778,Hilton Houndsom
779,Fletch Bootman
780,Louie Mackney
781,Cariotta Ghidoni
782,Leonelle Gocher
783,Leonidas Pepi
784,Savina Prisk
785,Marlene Ingerson
786,Annabella Krink
787,Estel Ellcock
788,Anetta McBay
789,Care Harcarse
790,Fanechka Tewes
791,Ettore Eaves
792,Dwayne Andriesse
793,Onida Mauchlen
794,Clarey Locke
795,Shamus Lovel
796,Teodoro Bollands
797,Jerrine Britland
798,Josepha Etherington
799,Nathalie D'Antoni
800,Gladi Giacoboni
801,Coreen Cormack
802,Bamby Westlake
803,Carolin Peddel
804,Horacio Rollo
805,Kipp Jaycock
806,Skipp Brobeck
807,Leigha Scarff
808,Siobhan Macenzy
809,Tandie Lethibridge
810,Johan Writtle
811,Janis Woloschin
812,Emmery Bowering
813,Miltie Krebs
814,Adella Prazor
815,Chloris Clorley
816,Marrilee O'Dea
817,Quentin Medland
818,Martyn D'Oyley
819,Calv Cogman
820,Dorene Gowthorpe
821,Brittan Cox
822,Angil Piell
823,Mark Dehn
824,Marcelle Ast
825,Anastasia Rizzardi
826,Dagmar Fladgate
827,Jose Scud
828,Nedda Shubotham
829,Thea Ribchester
830,Curry Pratchett
831,Fifine Gillice
832,Hermie Stapforth
833,Kellia Bogart
834,Alida Goss
835,Serene Rown
836,Saba Macer
837,Gerry Docker
838,Ilene Burrus
839,Arabella Sneesby
840,Gaby Goalley
841,Anatollo Burland
842,Farand Seneschal
843,Desdemona Beagrie
844,Livia Waylett
845,Vern Rodge
846,Kristi Andreucci
847,Octavia Markova
848,Erhart Matijasevic
849,Fiann Astlatt
850,Normie Anan
851,Melantha Vanyukov
852,Tori Lockney
853,Bride Janney
854,Nesta Medcraft
855,Ninetta Hanaby
856,Janka Noye
857,Lion Posnett
858,Antony Hallbird
859,Monica Lubbock
860,Aland Sully
861,Emlyn Zavattari
862,Llewellyn Pashe
863,Joan Grute
864,Maximilien Roggieri
865,Isaak Dittson
866,Goldarina Ruzek
867,Babette Cisar
868,Gardiner Verlinde
869,Doris Berks
870,Hugibert Schimoni
871,Ilse Golden of Ireland
872,Glendon McReath
873,Isabelita Mellanby
874,Egon Elias
875,Alvera Highwood
876,Fidelia Christoffels
877,Robbert Townend
878,Cirillo Cruttenden
879,Beaufort Rosenbarg
880,Wes Beasley
881,Zulema Brack
882,Elisha Gavagan
883,Kitty Chrisp
884,Gerick Battyll
885,Kayla Clara
886,Helen-elizabeth Solland
887,Alard Trenholm
888,Micah Campione
889,Orelie Sturney
890,Giselbert Habbes
891,Cordy Snyder
892,Ringo Tapton
893,Genvieve Filipputti
894,Galina McClay
895,Vyky Bletsoe
896,Corine McVanamy
897,Ceciley O'Kelly
898,Teddy Cranston
899,Winn Larmet
900,Aristotle Dalinder
901,Averil Lehrer
902,Victoria Huxstep
903,Una Gaffon
904,Dale Dwelley
905,Hebert McConigal
906,Emelen Sturges
907,Bernete Gier
908,Helge Critten
909,Tully Brosini
910,Gaby Farn
911,Carissa McGinn
912,Sherilyn Brader
913,Lucille Randerson
914,Vergil Gilbert
915,Barbara-anne Talmadge
916,Yorke Phibb
917,Major Antoniazzi
918,Ellissa Paterson
919,Ardella Harms
920,Anett Annies
921,Marcelline Keys
922,Karla Von Oertzen
923,Kathryn Schulz
924,Meridel McBean
925,Abe Revelle
926,Diandra Higgan
927,Madelyn Jesteco
928,Darrel Juares
929,Gerry Luttger
930,Deanna Luetkemeyers
931,Nesta Shayler
932,Tarah Ducastel
933,Hill Craighead
934,Tab Klagges
935,Alfi Delhay
936,Harlene Goade
937,Gwenore Dannell
938,Burg Grass
939,Delaney Wethey
940,Giralda Chastenet
941,Pall Studholme
942,Pamella Dechelette
943,Koren Hauch
944,Hercule McPeck
945,Kristy Ferraretto
946,Connie MacKall
947,Gus Rivers
948,Jayme Janaway
949,Fifine Albrecht
950,Aigneis Dibson
951,Stepha Dinnington
952,Darren Cossom
953,Gard Christley
954,Forest Yegorshin
955,Nero Donaher
956,Cassaundra Hoppner
957,Josiah Bowstead
958,Laurence Haslewood
959,Corina Emerine
960,Hephzibah Minichillo
961,Maurise Simkovitz
962,Annelise Jedrzejczyk
963,Farrand Arnould
964,Anthony Pladen
965,Jaquenette Thatcham
966,Roanne MacBrearty
967,Janette Strete
968,Jeri Hagstone
969,Melba Petrowsky
970,Reinald Abelevitz
971,Danya Peascod
972,Roobbie Chew
973,Buiron Outright
974,Maddie Drakes
975,Sheridan Wynrahame
976,Abdel Terne
977,Gussie Pescott
978,Wilfrid Hardaker
979,Patty Goncaves
980,Ramsay Craigs
981,Lucy Heild
982,Kennie Kernan
983,Vinni Genese
984,Wilmette Greenwell
985,Andreana Pentercost
986,Basilius Pallis
987,Lammond Nickols
988,Berkly Robic
989,Derby Rosterne
990,Olivier Hirche
991,Lacy Attoc
992,Rafaello Brotherhood
993,Carmelina Syers
994,Deeann Kassman
995,Schuyler Ogden
996,Nevil Lathaye
997,Isidoro Arden
998,Duane Rops
999,Felike Friedman
1000,Tricia Ledrun
